63590929302290432
195104507238023168
63590929302290432
124201033793536
#ID:1
93435
88293
98773
8973
#ID:2
974467
947147
1059569
96258
#ID:3
121086
99207
106911
21591
#ID:4
856
939
906
183
#ID:5
12387168
13084902
13321728
2549862
#ID:6
33369928
24718050
26637202
5383042
#ID:7
927732
928425
926617
917137
#ID:8
926617
925761
926617
917137
#ID:9
237853776
247180496
266372016
53830420
#ID:10
242494720
306907392
266372016
53830420
#ID:11
215321680
276236832
215321680
53830420
#ID:12
286280992
247180496
271281984
53830420
#ID:13
215321680
306907392
215321680
53830420
#ID:14
286280992
276236832
286280992
53830420
#ID:15